"","date","state","fips","cases","deaths","daily_incidence"
"1","2020-03-06","Kentucky",21,1,0,1
"2","2020-03-07","Kentucky",21,1,0,0
"3","2020-03-08","Kentucky",21,4,0,3
"4","2020-03-09","Kentucky",21,5,0,1
"5","2020-03-10","Kentucky",21,7,0,2
"6","2020-03-11","Kentucky",21,7,0,0
"7","2020-03-12","Kentucky",21,11,0,4
"8","2020-03-13","Kentucky",21,11,0,0
"9","2020-03-14","Kentucky",21,18,0,7
"10","2020-03-15","Kentucky",21,21,0,3
"11","2020-03-16","Kentucky",21,22,1,1
"12","2020-03-17","Kentucky",21,26,1,4
"13","2020-03-18","Kentucky",21,35,1,9
"14","2020-03-19","Kentucky",21,47,2,12
"15","2020-03-20","Kentucky",21,63,2,16
"16","2020-03-21","Kentucky",21,84,3,21
"17","2020-03-22","Kentucky",21,103,3,19
"18","2020-03-23","Kentucky",21,124,3,21
"19","2020-03-24","Kentucky",21,157,3,33
"20","2020-03-25","Kentucky",21,198,5,41
"21","2020-03-26","Kentucky",21,248,5,50
"22","2020-03-27","Kentucky",21,302,8,54
"23","2020-03-28","Kentucky",21,394,9,92
"24","2020-03-29","Kentucky",21,439,9,45
"25","2020-03-30","Kentucky",21,480,11,41
"26","2020-03-31","Kentucky",21,590,18,110
"27","2020-04-01","Kentucky",21,674,20,84
"28","2020-04-02","Kentucky",21,747,34,73
"29","2020-04-03","Kentucky",21,762,34,15
"30","2020-04-04","Kentucky",21,909,40,147
"31","2020-04-05","Kentucky",21,1048,44,139
"32","2020-04-06","Kentucky",21,1057,52,9
"33","2020-04-07","Kentucky",21,1289,66,232
"34","2020-04-08","Kentucky",21,1393,73,104
"35","2020-04-09","Kentucky",21,1525,84,132
"36","2020-04-10","Kentucky",21,1702,90,177
"37","2020-04-11","Kentucky",21,1851,94,149
"38","2020-04-12","Kentucky",21,1963,98,112
"39","2020-04-13","Kentucky",21,2048,106,85
"40","2020-04-14","Kentucky",21,2210,115,162
"41","2020-04-15","Kentucky",21,2295,124,85
"42","2020-04-16","Kentucky",21,2429,131,134
"43","2020-04-17","Kentucky",21,2522,140,93
"44","2020-04-18","Kentucky",21,2707,145,185
"45","2020-04-19","Kentucky",21,2960,149,253
"46","2020-04-20","Kentucky",21,3050,155,90
"47","2020-04-21","Kentucky",21,3193,172,143
"48","2020-04-22","Kentucky",21,3373,185,180
"49","2020-04-23","Kentucky",21,3548,194,175
"50","2020-04-24","Kentucky",21,3779,203,231
"51","2020-04-25","Kentucky",21,3905,208,126
"52","2020-04-26","Kentucky",21,4074,211,169
"53","2020-04-27","Kentucky",21,4146,216,72
"54","2020-04-28","Kentucky",21,4375,231,229
"55","2020-04-29","Kentucky",21,4538,235,163
"56","2020-04-30","Kentucky",21,4708,240,170
"57","2020-05-01","Kentucky",21,4879,248,171
"58","2020-05-02","Kentucky",21,4881,252,2
"59","2020-05-03","Kentucky",21,5223,256,342
"60","2020-05-04","Kentucky",21,5370,267,147
"61","2020-05-05","Kentucky",21,5822,278,452
"62","2020-05-06","Kentucky",21,5946,286,124
"63","2020-05-07","Kentucky",21,6173,302,227
"64","2020-05-08","Kentucky",21,6298,304,125
"65","2020-05-09","Kentucky",21,6469,312,171
"66","2020-05-10","Kentucky",21,6486,312,17
"67","2020-05-11","Kentucky",21,6710,325,224
"68","2020-05-12","Kentucky",21,7003,333,293
"69","2020-05-13","Kentucky",21,7102,334,99
"70","2020-05-14","Kentucky",21,7397,341,295
"71","2020-05-15","Kentucky",21,7578,343,181
"72","2020-05-16","Kentucky",21,7773,346,195
"73","2020-05-17","Kentucky",21,7793,346,20
"74","2020-05-18","Kentucky",21,8041,354,248
"75","2020-05-19","Kentucky",21,8205,369,164
"76","2020-05-20","Kentucky",21,8336,381,131
"77","2020-05-21","Kentucky",21,8475,393,139
"78","2020-05-22","Kentucky",21,8688,398,213
"79","2020-05-23","Kentucky",21,8812,399,124
"80","2020-05-24","Kentucky",21,8842,399,30
"81","2020-05-25","Kentucky",21,8899,403,57
"82","2020-05-26","Kentucky",21,9175,407,276
"83","2020-05-27","Kentucky",21,9313,420,138
"84","2020-05-28","Kentucky",21,9510,424,197
"85","2020-05-29","Kentucky",21,9688,434,178
"86","2020-05-30","Kentucky",21,9887,441,199
"87","2020-05-31","Kentucky",21,9937,441,50
"88","2020-06-01","Kentucky",21,10150,445,213
"89","2020-06-02","Kentucky",21,10287,451,137
"90","2020-06-03","Kentucky",21,10485,458,198
"91","2020-06-04","Kentucky",21,10781,469,296
"92","2020-06-05","Kentucky",21,11051,476,270
"93","2020-06-06","Kentucky",21,11359,480,308
"94","2020-06-07","Kentucky",21,11393,481,34
"95","2020-06-08","Kentucky",21,11701,487,308
"96","2020-06-09","Kentucky",21,11891,494,190
"97","2020-06-10","Kentucky",21,12029,498,138
"98","2020-06-11","Kentucky",21,12128,513,99
"99","2020-06-12","Kentucky",21,12352,525,224
"100","2020-06-13","Kentucky",21,12605,527,253
"101","2020-06-14","Kentucky",21,12652,527,47
"102","2020-06-15","Kentucky",21,12863,524,211
"103","2020-06-16","Kentucky",21,12899,530,36
"104","2020-06-17","Kentucky",21,13190,536,291
"105","2020-06-18","Kentucky",21,13391,540,201
"106","2020-06-19","Kentucky",21,13629,542,238
"107","2020-06-20","Kentucky",21,13800,542,171
"108","2020-06-21","Kentucky",21,13919,544,119
"109","2020-06-22","Kentucky",21,14073,549,154
"110","2020-06-23","Kentucky",21,14323,559,250
"111","2020-06-24","Kentucky",21,14522,561,199
"112","2020-06-25","Kentucky",21,14793,569,271
"113","2020-06-26","Kentucky",21,15033,575,240
"114","2020-06-27","Kentucky",21,15337,575,304
"115","2020-06-28","Kentucky",21,15480,577,143
"116","2020-06-29","Kentucky",21,15657,584,177
"117","2020-06-30","Kentucky",21,15916,588,259
"118","2020-07-01","Kentucky",21,16114,597,198
"119","2020-07-02","Kentucky",21,16370,605,256
"120","2020-07-03","Kentucky",21,16655,608,285
"121","2020-07-04","Kentucky",21,16709,608,54
"122","2020-07-05","Kentucky",21,16712,608,3
"123","2020-07-06","Kentucky",21,17464,621,752
"124","2020-07-07","Kentucky",21,17820,630,356
"125","2020-07-08","Kentucky",21,18204,634,384
"126","2020-07-09","Kentucky",21,18576,640,372
"127","2020-07-10","Kentucky",21,19076,647,500
"128","2020-07-11","Kentucky",21,19530,647,454
"129","2020-07-12","Kentucky",21,19762,649,232
"130","2020-07-13","Kentucky",21,20127,656,365
"131","2020-07-14","Kentucky",21,20702,665,575
"132","2020-07-15","Kentucky",21,21148,668,446
"133","2020-07-16","Kentucky",21,21617,675,469
"134","2020-07-17","Kentucky",21,22162,687,545
"135","2020-07-18","Kentucky",21,22750,688,588
"136","2020-07-19","Kentucky",21,23600,691,850
"137","2020-07-20","Kentucky",21,23978,694,378
"138","2020-07-21","Kentucky",21,24638,695,660
"139","2020-07-22","Kentucky",21,25169,700,531
"140","2020-07-23","Kentucky",21,25828,706,659
"141","2020-07-24","Kentucky",21,26628,715,800
"142","2020-07-25","Kentucky",21,27395,717,767
"143","2020-07-26","Kentucky",21,27682,718,287
"144","2020-07-27","Kentucky",21,28250,726,568
"145","2020-07-28","Kentucky",21,28876,735,626
"146","2020-07-29","Kentucky",21,29479,746,603
"147","2020-07-30","Kentucky",21,30132,748,653
"148","2020-07-31","Kentucky",21,30981,753,849
"149","2020-08-01","Kentucky",21,31612,758,631
"150","2020-08-02","Kentucky",21,31966,759,354
"151","2020-08-03","Kentucky",21,32500,762,534
"152","2020-08-04","Kentucky",21,33209,769,709
"153","2020-08-05","Kentucky",21,33823,771,614
"154","2020-08-06","Kentucky",21,34435,780,612
"155","2020-08-07","Kentucky",21,35147,785,712
"156","2020-08-08","Kentucky",21,35986,790,839
"157","2020-08-09","Kentucky",21,36316,790,330
"158","2020-08-10","Kentucky",21,36739,794,423
"159","2020-08-11","Kentucky",21,37437,803,698
"160","2020-08-12","Kentucky",21,38546,809,1109
"161","2020-08-13","Kentucky",21,39306,817,760
"162","2020-08-14","Kentucky",21,40012,822,706
"163","2020-08-15","Kentucky",21,40677,829,665
"164","2020-08-16","Kentucky",21,40883,832,206
"165","2020-08-17","Kentucky",21,41610,839,727
"166","2020-08-18","Kentucky",21,42270,858,660
"167","2020-08-19","Kentucky",21,42958,866,688
"168","2020-08-20","Kentucky",21,43700,881,742
"169","2020-08-21","Kentucky",21,44432,887,732
"170","2020-08-22","Kentucky",21,45225,899,793
"171","2020-08-23","Kentucky",21,45401,901,176
"172","2020-08-24","Kentucky",21,46057,909,656
"173","2020-08-25","Kentucky",21,46798,918,741
"174","2020-08-26","Kentucky",21,47542,927,744
"175","2020-08-27","Kentucky",21,48322,937,780
"176","2020-08-28","Kentucky",21,48937,945,615
"177","2020-08-29","Kentucky",21,49914,951,977
"178","2020-08-30","Kentucky",21,50170,955,256
"179","2020-08-31","Kentucky",21,50884,965,714
"180","2020-09-01","Kentucky",21,51762,983,878
"181","2020-09-02","Kentucky",21,52704,1008,942
"182","2020-09-03","Kentucky",21,54067,1021,1363
"183","2020-09-04","Kentucky",21,55500,1028,1433
"184","2020-09-05","Kentucky",21,56016,1033,516
"185","2020-09-06","Kentucky",21,56172,1035,156
"186","2020-09-07","Kentucky",21,56545,1036,373
"187","2020-09-08","Kentucky",21,56877,1039,332
"188","2020-09-09","Kentucky",21,57518,1058,641
"189","2020-09-10","Kentucky",21,58452,1073,934
"190","2020-09-11","Kentucky",21,59349,1087,897
"191","2020-09-12","Kentucky",21,60187,1099,838
"192","2020-09-13","Kentucky",21,60607,1102,420
"193","2020-09-14","Kentucky",21,61182,1105,575
"194","2020-09-15","Kentucky",21,61986,1112,804
"195","2020-09-16","Kentucky",21,62723,1118,737
"196","2020-09-17","Kentucky",21,63412,1127,689
"197","2020-09-18","Kentucky",21,64155,1132,743
"198","2020-09-19","Kentucky",21,65068,1137,913
"199","2020-09-20","Kentucky",21,65413,1139,345
"200","2020-09-21","Kentucky",21,65905,1141,492
"201","2020-09-22","Kentucky",21,66624,1148,719
"202","2020-09-23","Kentucky",21,67590,1161,966
"203","2020-09-24","Kentucky",21,68230,1166,640
"204","2020-09-25","Kentucky",21,69150,1179,920
"205","2020-09-26","Kentucky",21,70038,1185,888
"206","2020-09-27","Kentucky",21,70385,1189,347
"207","2020-09-28","Kentucky",21,71003,1195,618
"208","2020-09-29","Kentucky",21,71921,1205,918
"209","2020-09-30","Kentucky",21,72830,1208,909
"210","2020-10-01","Kentucky",21,73619,1225,789
"211","2020-10-02","Kentucky",21,74566,1232,947
"212","2020-10-03","Kentucky",21,75576,1239,1010
"213","2020-10-04","Kentucky",21,76086,1242,510
"214","2020-10-05","Kentucky",21,76787,1248,701
"215","2020-10-06","Kentucky",21,77741,1255,954
"216","2020-10-07","Kentucky",21,78669,1261,928
"217","2020-10-08","Kentucky",21,79550,1272,881
"218","2020-10-09","Kentucky",21,80633,1283,1083
"219","2020-10-10","Kentucky",21,81630,1293,997
"220","2020-10-11","Kentucky",21,82358,1295,728
"221","2020-10-12","Kentucky",21,83074,1300,716
"222","2020-10-13","Kentucky",21,83967,1318,893
"223","2020-10-14","Kentucky",21,85278,1325,1311
"224","2020-10-15","Kentucky",21,86410,1341,1132
"225","2020-10-16","Kentucky",21,87764,1349,1354
"226","2020-10-17","Kentucky",21,88823,1363,1059
"227","2020-10-18","Kentucky",21,89538,1372,715
"228","2020-10-19","Kentucky",21,90443,1381,905
"229","2020-10-20","Kentucky",21,91731,1403,1288
"230","2020-10-21","Kentucky",21,93110,1424,1379
"231","2020-10-22","Kentucky",21,94582,1439,1472
